0 0.500000 0.500000 0.960000 0.960000
1 0.087644 0.090517 0.135057 0.060345
1 0.495690 0.179598 0.089080 0.048851
1 0.936782 0.109195 0.126437 0.114943
1 0.583333 0.252874 0.034483 0.028736
1 0.518678 0.297414 0.031609 0.014368
1 0.640805 0.310345 0.017241 0.034483
1 0.043103 0.370690 0.086207 0.063218
1 0.905172 0.349138 0.057471 0.031609
1 0.386494 0.461207 0.169540 0.054598
1 0.734195 0.564655 0.238506 0.077586
1 0.554598 0.679598 0.022989 0.083333
1 0.704023 0.637931 0.143678 0.120690
1 0.863506 0.906609 0.272989 0.186782
