0 0.500000 0.500000 0.960000 0.960000
1 0.500000 0.018750 0.073333 0.037500
1 0.078333 0.246250 0.156667 0.067500
1 0.708333 0.326250 0.583333 0.212500
1 0.075000 0.310000 0.150000 0.045000
1 0.745000 0.436250 0.456667 0.077500
1 0.571667 0.492500 0.090000 0.040000
1 0.711667 0.490000 0.136667 0.025000
1 0.883333 0.486250 0.180000 0.027500
1 0.573333 0.518750 0.086667 0.032500
1 0.710000 0.513750 0.133333 0.027500
1 0.888333 0.511250 0.156667 0.027500
1 0.396667 0.681250 0.180000 0.027500
1 0.338333 0.716250 0.296667 0.047500
1 0.710000 0.726250 0.140000 0.042500
1 0.293333 0.750000 0.400000 0.035000
1 0.388333 0.771250 0.203333 0.027500
1 0.720000 0.771250 0.406667 0.072500
