0 0.500000 0.500000 0.960000 0.960000
1 0.271028 0.226250 0.242991 0.037500
1 0.668224 0.226250 0.093458 0.042500
1 0.217290 0.266250 0.135514 0.037500
1 0.754673 0.280000 0.126168 0.040000
1 0.343458 0.302500 0.359813 0.035000
1 0.425234 0.336250 0.551402 0.047500
1 0.212617 0.390000 0.126168 0.040000
1 0.794393 0.367500 0.252336 0.050000
1 0.799065 0.393750 0.261682 0.047500
1 0.207944 0.441250 0.088785 0.032500
1 0.799065 0.420000 0.261682 0.050000
1 0.785047 0.451250 0.233645 0.047500
1 0.268692 0.498750 0.247664 0.047500
1 0.658879 0.551250 0.457944 0.032500
1 0.528037 0.656250 0.570093 0.032500
1 0.481308 0.798750 0.635514 0.057500
