0 0.500000 0.500000 0.960000 0.960000
1 0.580460 0.139368 0.057471 0.025862
1 0.754310 0.120690 0.048851 0.028736
1 0.589080 0.199713 0.080460 0.025862
1 0.788793 0.176724 0.043103 0.025862
1 0.981322 0.185345 0.037356 0.031609
1 0.362069 0.212644 0.120690 0.040230
1 0.977011 0.222701 0.045977 0.031609
1 0.362069 0.255747 0.114943 0.040230
1 0.895115 0.402299 0.060345 0.080460
1 0.975575 0.402299 0.048851 0.080460
1 0.300287 0.469828 0.071839 0.083333
1 0.408046 0.469828 0.120690 0.083333
1 0.912356 0.535920 0.175287 0.192529
1 0.742816 0.643678 0.037356 0.022989
1 0.899425 0.702586 0.074713 0.043103
