0 0.500000 0.500000 0.960000 0.960000
1 0.943662 0.037500 0.112676 0.075000
1 0.508803 0.130000 0.341549 0.095000
1 0.517606 0.280000 0.591549 0.145000
1 0.339789 0.440000 0.221831 0.065000
1 0.330986 0.476250 0.330986 0.087500
1 0.853873 0.781250 0.292254 0.072500
1 0.047535 0.846250 0.059859 0.032500
1 0.441901 0.846250 0.088028 0.032500
1 0.859155 0.832500 0.281690 0.070000
1 0.107394 0.875000 0.200704 0.045000
1 0.271127 0.851250 0.084507 0.032500
1 0.306338 0.875000 0.161972 0.045000
1 0.489437 0.866250 0.211268 0.042500
