0 0.500000 0.500000 0.960000 0.960000
1 0.209302 0.033750 0.344186 0.067500
1 0.146512 0.071250 0.209302 0.062500
1 0.755814 0.058750 0.097674 0.042500
1 0.297674 0.118750 0.483721 0.062500
1 0.390698 0.163750 0.669767 0.077500
1 0.823256 0.123750 0.083721 0.042500
1 0.134884 0.231250 0.167442 0.047500
1 0.111628 0.301250 0.130233 0.052500
1 0.204651 0.378750 0.316279 0.057500
1 0.383721 0.445000 0.674419 0.045000
1 0.104651 0.577500 0.051163 0.025000
1 0.330233 0.583750 0.362791 0.052500
1 0.681395 0.590000 0.348837 0.050000
