0 0.500000 0.500000 0.960000 0.960000
1 0.189655 0.034483 0.051724 0.068966
1 0.435345 0.053161 0.020115 0.106322
1 0.537356 0.053161 0.080460 0.106322
1 0.594828 0.051724 0.063218 0.091954
1 0.762931 0.087644 0.135057 0.175287
1 0.790230 0.405172 0.143678 0.057471
1 0.968391 0.482759 0.057471 0.132184
1 0.900862 0.587644 0.048851 0.037356
1 0.382184 0.711207 0.080460 0.117816
1 0.531609 0.882184 0.057471 0.051724
1 0.785920 0.893678 0.048851 0.045977
1 0.909483 0.860632 0.083333 0.077586
1 0.833333 0.918103 0.022989 0.020115
