0 0.500000 0.500000 0.960000 0.960000
1 0.145000 0.035000 0.290000 0.070000
1 0.781667 0.022500 0.176667 0.030000
1 0.721667 0.075000 0.310000 0.040000
1 0.766667 0.048750 0.140000 0.027500
1 0.720000 0.096250 0.353333 0.032500
1 0.225000 0.271250 0.383333 0.057500
1 0.608333 0.287500 0.143333 0.035000
1 0.600000 0.318750 0.126667 0.027500
1 0.606667 0.351250 0.140000 0.042500
1 0.785000 0.323750 0.056667 0.032500
1 0.613333 0.381250 0.146667 0.037500
1 0.616667 0.406250 0.140000 0.027500
1 0.613333 0.452500 0.146667 0.025000
1 0.110000 0.551250 0.140000 0.052500
1 0.140000 0.577500 0.180000 0.045000
1 0.235000 0.621250 0.376667 0.057500
1 0.093333 0.602500 0.066667 0.035000
1 0.271667 0.646250 0.190000 0.042500
1 0.306667 0.763750 0.206667 0.057500
1 0.070000 0.841250 0.140000 0.082500
1 0.183333 0.946250 0.366667 0.092500
