0 0.500000 0.500000 0.960000 0.960000
1 0.176724 0.183908 0.129310 0.063218
1 0.643678 0.248563 0.028736 0.043103
1 0.132184 0.364943 0.063218 0.086207
1 0.261494 0.385057 0.017241 0.103448
1 0.449713 0.362069 0.054598 0.028736
1 0.804598 0.346264 0.264368 0.083333
1 0.031609 0.436782 0.045977 0.028736
1 0.165230 0.446839 0.100575 0.043103
1 0.206897 0.445402 0.034483 0.080460
1 0.025862 0.520115 0.051724 0.034483
1 0.028736 0.477011 0.057471 0.040230
1 0.181034 0.492816 0.137931 0.054598
1 0.385057 0.494253 0.040230 0.034483
1 0.441092 0.464080 0.014368 0.020115
1 0.504310 0.474138 0.071839 0.022989
1 0.959770 0.524425 0.051724 0.025862
1 0.215517 0.541667 0.109195 0.043103
1 0.379310 0.538793 0.040230 0.031609
1 0.489943 0.550287 0.060345 0.031609
1 0.168103 0.586207 0.129310 0.074713
1 0.402299 0.593391 0.160920 0.060345
1 0.656609 0.619253 0.094828 0.089080
1 0.783046 0.619253 0.106322 0.089080
1 0.931034 0.626437 0.068966 0.034483
1 0.698276 0.678161 0.218391 0.097701
1 0.650862 0.748563 0.163793 0.066092
1 0.014368 0.908046 0.005747 0.040230
1 0.053161 0.920977 0.014368 0.025862
1 0.336207 0.931034 0.114943 0.137931
