0 0.500000 0.500000 0.960000 0.960000
1 0.872500 0.085434 0.255000 0.114846
1 0.102500 0.224090 0.170000 0.078431
1 0.856250 0.201681 0.112500 0.061625
1 0.101250 0.271709 0.152500 0.067227
1 0.103750 0.309524 0.142500 0.047619
1 0.106250 0.371148 0.162500 0.070028
1 0.106250 0.429972 0.117500 0.064426
1 0.100000 0.467787 0.085000 0.039216
1 0.862500 0.445378 0.085000 0.039216
1 0.137500 0.544818 0.275000 0.036415
1 0.106250 0.575630 0.152500 0.030812
1 0.107500 0.600840 0.155000 0.030812
1 0.098750 0.868347 0.197500 0.106443
1 0.913750 0.852941 0.172500 0.081232
1 0.448750 0.885154 0.497500 0.067227
1 0.942500 0.897759 0.100000 0.042017
1 0.910000 0.921569 0.180000 0.061625
1 0.913750 0.949580 0.167500 0.050420
1 0.926250 0.976190 0.137500 0.030812
