0 0.500000 0.500000 0.960000 0.960000
1 0.418699 0.241250 0.441734 0.077500
1 0.031165 0.300000 0.062331 0.055000
1 0.363144 0.290000 0.639566 0.090000
1 0.266938 0.332500 0.317073 0.065000
1 0.537940 0.327500 0.257453 0.055000
1 0.315718 0.371250 0.246612 0.052500
1 0.548780 0.371250 0.230352 0.052500
1 0.260163 0.431250 0.211382 0.062500
1 0.505420 0.436250 0.311653 0.062500
1 0.151762 0.566250 0.043360 0.067500
1 0.287263 0.647500 0.178862 0.075000
1 0.266938 0.693750 0.186992 0.072500
1 0.386179 0.702500 0.089431 0.050000
1 0.174797 0.752500 0.349593 0.065000
1 0.482385 0.757500 0.281843 0.065000
1 0.149051 0.795000 0.298103 0.055000
1 0.479675 0.801250 0.276423 0.052500
1 0.170732 0.836250 0.341463 0.057500
1 0.475610 0.840000 0.273713 0.045000
