0 0.500000 0.500000 0.960000 0.960000
1 0.100000 0.253750 0.111111 0.037500
1 0.582222 0.228750 0.124444 0.027500
1 0.584444 0.256250 0.128889 0.027500
1 0.564444 0.282500 0.080000 0.020000
1 0.557778 0.306250 0.084444 0.017500
1 0.560000 0.352500 0.088889 0.035000
1 0.560000 0.402500 0.115556 0.035000
1 0.568889 0.378750 0.088889 0.027500
1 0.868889 0.393750 0.084444 0.032500
1 0.142222 0.442500 0.151111 0.035000
1 0.562222 0.430000 0.120000 0.040000
1 0.871111 0.417500 0.088889 0.030000
1 0.104444 0.462500 0.208889 0.040000
1 0.571111 0.457500 0.111111 0.030000
1 0.873333 0.443750 0.093333 0.027500
1 0.071111 0.486250 0.142222 0.037500
1 0.591111 0.506250 0.124444 0.027500
1 0.593333 0.485000 0.120000 0.025000
1 0.891111 0.495000 0.066667 0.025000
1 0.513333 0.531250 0.093333 0.022500
1 0.706667 0.552500 0.471111 0.025000
1 0.682222 0.531250 0.280000 0.037500
1 0.324444 0.570000 0.640000 0.045000
1 0.193333 0.595000 0.386667 0.040000
1 0.164444 0.707500 0.328889 0.060000
1 0.677778 0.716250 0.146667 0.057500
1 0.091111 0.762500 0.182222 0.050000
1 0.246667 0.806250 0.493333 0.062500
1 0.813333 0.790000 0.168889 0.060000
1 0.373333 0.850000 0.746667 0.065000
1 0.115556 0.921250 0.177778 0.047500
1 0.113333 0.971250 0.128889 0.052500
