0 0.500000 0.500000 0.960000 0.960000
1 0.538071 0.038750 0.131980 0.032500
1 0.840102 0.026250 0.157360 0.037500
1 0.535533 0.067500 0.167513 0.035000
1 0.837563 0.053750 0.111675 0.027500
1 0.543147 0.107500 0.791878 0.055000
1 0.507614 0.143750 0.588832 0.037500
1 0.261421 0.177500 0.187817 0.035000
1 0.362944 0.246250 0.380711 0.047500
1 0.593909 0.245000 0.101523 0.030000
1 0.355330 0.276250 0.365482 0.047500
1 0.319797 0.317500 0.294416 0.035000
1 0.357868 0.341250 0.380711 0.047500
1 0.355330 0.370000 0.385787 0.050000
1 0.355330 0.397500 0.395939 0.050000
1 0.355330 0.422500 0.375635 0.045000
1 0.527919 0.463750 0.710660 0.057500
1 0.520305 0.497500 0.715736 0.055000
1 0.505076 0.525000 0.675127 0.050000
1 0.342640 0.556250 0.340102 0.047500
1 0.538071 0.592500 0.720812 0.055000
1 0.451777 0.636250 0.568528 0.047500
1 0.494924 0.662500 0.634518 0.050000
1 0.479695 0.695000 0.604061 0.045000
1 0.456853 0.721250 0.558376 0.042500
1 0.588832 0.745000 0.822335 0.055000
1 0.588832 0.772500 0.822335 0.050000
1 0.411168 0.803750 0.467005 0.052500
1 0.467005 0.850000 0.263959 0.030000
1 0.233503 0.956250 0.467005 0.047500
1 0.213198 0.983750 0.416244 0.032500
