0 0.500000 0.500000 0.960000 0.960000
1 0.122727 0.135000 0.136364 0.035000
1 0.121212 0.172500 0.109091 0.050000
1 0.483333 0.356250 0.524242 0.137500
1 0.477273 0.515000 0.439394 0.210000
1 0.833333 0.563750 0.090909 0.037500
1 0.831818 0.598750 0.087879 0.057500
1 0.483333 0.646250 0.372727 0.052500
1 0.830303 0.638750 0.090909 0.052500
1 0.484848 0.691250 0.133333 0.037500
1 0.165152 0.767500 0.263636 0.050000
1 0.087879 0.798750 0.109091 0.057500
1 0.295455 0.867500 0.142424 0.055000
1 0.507576 0.865000 0.215152 0.045000
1 0.063636 0.911250 0.109091 0.027500
1 0.510606 0.896250 0.215152 0.042500
1 0.095455 0.933750 0.075758 0.017500
