0 0.500000 0.500000 0.960000 0.960000
1 0.407500 0.079787 0.160000 0.088652
1 0.410000 0.143617 0.165000 0.067376
1 0.418750 0.216312 0.362500 0.127660
1 0.431250 0.308511 0.342500 0.106383
1 0.438750 0.425532 0.167500 0.113475
1 0.766250 0.606383 0.167500 0.063830
1 0.553750 0.695035 0.097500 0.070922
1 0.773750 0.648936 0.182500 0.056738
1 0.780000 0.689716 0.190000 0.060284
1 0.553750 0.744681 0.087500 0.035461
1 0.781250 0.732270 0.187500 0.060284
1 0.783750 0.771277 0.192500 0.060284
1 0.811250 0.820922 0.272500 0.053191
1 0.821250 0.859929 0.302500 0.053191
1 0.726250 0.895390 0.117500 0.046099
