0 0.500000 0.500000 0.960000 0.960000
1 0.883333 0.318750 0.106667 0.027500
1 0.185000 0.398750 0.096667 0.027500
1 0.580000 0.377500 0.040000 0.020000
1 0.810000 0.448750 0.180000 0.042500
1 0.820000 0.512500 0.340000 0.115000
1 0.816667 0.576250 0.286667 0.102500
1 0.095000 0.652500 0.076667 0.030000
1 0.826667 0.650000 0.180000 0.030000
1 0.088333 0.678750 0.130000 0.017500
1 0.085000 0.700000 0.096667 0.025000
1 0.200000 0.743750 0.060000 0.032500
1 0.320000 0.745000 0.093333 0.055000
1 0.488333 0.748750 0.116667 0.047500
1 0.465000 0.782500 0.150000 0.040000
1 0.080000 0.830000 0.153333 0.040000
1 0.450000 0.815000 0.180000 0.050000
1 0.698333 0.818750 0.090000 0.027500
