0 0.500000 0.500000 0.960000 0.960000
1 0.056250 0.178771 0.112500 0.083799
1 0.821250 0.188547 0.102500 0.030726
1 0.527500 0.245810 0.340000 0.139665
1 0.807500 0.223464 0.135000 0.039106
1 0.300000 0.277933 0.140000 0.047486
1 0.487500 0.356145 0.660000 0.136872
1 0.841250 0.339385 0.077500 0.058659
1 0.917500 0.392458 0.160000 0.047486
1 0.096250 0.430168 0.127500 0.044693
1 0.506250 0.431564 0.347500 0.041899
1 0.907500 0.435754 0.125000 0.039106
1 0.913750 0.414804 0.122500 0.030726
1 0.088750 0.456704 0.177500 0.047486
1 0.097500 0.488827 0.195000 0.050279
1 0.106250 0.518156 0.212500 0.047486
1 0.192500 0.592179 0.385000 0.050279
