0 0.500000 0.500000 0.960000 0.960000
1 0.085000 0.110553 0.150000 0.140704
1 0.087500 0.025126 0.130000 0.050251
1 0.418750 0.057789 0.297500 0.115578
1 0.070000 0.231156 0.140000 0.090452
1 0.030000 0.334171 0.060000 0.085427
1 0.403750 0.366834 0.397500 0.371859
1 0.772500 0.291457 0.170000 0.090452
1 0.060000 0.399497 0.120000 0.075377
1 0.071250 0.497487 0.142500 0.100503
1 0.028750 0.562814 0.057500 0.080402
1 0.515000 0.565327 0.200000 0.145729
1 0.225000 0.592965 0.035000 0.090452
1 0.081250 0.723618 0.157500 0.150754
1 0.200000 0.680905 0.030000 0.095477
1 0.256250 0.683417 0.032500 0.090452
1 0.480000 0.695980 0.160000 0.135678
1 0.077500 0.834171 0.140000 0.140704
1 0.282500 0.776382 0.045000 0.105528
1 0.512500 0.798995 0.025000 0.080402
1 0.861250 0.814070 0.027500 0.100503
1 0.083750 0.954774 0.162500 0.090452
