0 0.500000 0.500000 0.960000 0.960000
1 0.510000 0.325000 0.533333 0.065000
1 0.465000 0.353750 0.430000 0.057500
1 0.261667 0.453750 0.116667 0.062500
1 0.546667 0.456250 0.113333 0.027500
1 0.781667 0.437500 0.170000 0.060000
1 0.791667 0.476250 0.076667 0.042500
1 0.936667 0.492500 0.060000 0.110000
1 0.550000 0.475000 0.120000 0.035000
1 0.778333 0.548750 0.170000 0.132500
1 0.058333 0.678750 0.096667 0.167500
1 0.393333 0.610000 0.266667 0.080000
1 0.786667 0.611250 0.106667 0.032500
1 0.370000 0.653750 0.206667 0.062500
