0 0.500000 0.500000 0.960000 0.960000
1 0.513750 0.067518 0.147500 0.040146
1 0.543750 0.136861 0.092500 0.040146
1 0.127500 0.485401 0.125000 0.299270
1 0.133750 0.339416 0.102500 0.051095
1 0.323750 0.350365 0.087500 0.131387
1 0.485000 0.463504 0.065000 0.321168
1 0.441250 0.461679 0.047500 0.105839
1 0.342500 0.496350 0.070000 0.094891
1 0.058750 0.695255 0.077500 0.054745
1 0.490000 0.680657 0.675000 0.105839
1 0.725000 0.735401 0.360000 0.062044
1 0.977500 0.709854 0.045000 0.076642
1 0.035000 0.782847 0.070000 0.040146
1 0.710000 0.784672 0.265000 0.065693
1 0.055000 0.812044 0.080000 0.032847
1 0.646250 0.830292 0.102500 0.047445
1 0.977500 0.804745 0.035000 0.025547
1 0.703750 0.870438 0.112500 0.047445
1 0.698750 0.941606 0.147500 0.058394
1 0.421250 0.979927 0.212500 0.032847
