0 0.500000 0.500000 0.960000 0.960000
1 0.303161 0.053161 0.117816 0.031609
1 0.640805 0.061782 0.126437 0.054598
1 0.350575 0.140805 0.235632 0.109195
1 0.293103 0.225575 0.051724 0.037356
1 0.895115 0.300287 0.071839 0.054598
1 0.692529 0.376437 0.040230 0.034483
1 0.554598 0.520115 0.114943 0.063218
1 0.443966 0.646552 0.307471 0.103448
1 0.571839 0.655172 0.063218 0.143678
1 0.800287 0.659483 0.077586 0.066092
1 0.491379 0.926724 0.270115 0.146552
1 0.599138 0.919540 0.083333 0.160920
1 0.854885 0.958333 0.158046 0.083333
