0 0.500000 0.500000 0.960000 0.960000
1 0.551181 0.045000 0.858268 0.090000
1 0.938976 0.130000 0.098425 0.055000
1 0.356299 0.157500 0.389764 0.065000
1 0.511811 0.243750 0.732283 0.127500
1 0.505906 0.363750 0.704724 0.132500
1 0.681102 0.465000 0.385827 0.085000
1 0.279528 0.517500 0.299213 0.050000
1 0.897638 0.516250 0.118110 0.042500
1 0.893701 0.555000 0.212598 0.045000
1 0.899606 0.595000 0.129921 0.050000
1 0.137795 0.753750 0.125984 0.047500
1 0.137795 0.790000 0.212598 0.055000
1 0.421260 0.945000 0.472441 0.070000
