0 0.500000 0.500000 0.960000 0.960000
1 0.512539 0.123750 0.974922 0.147500
1 0.614420 0.266250 0.771160 0.102500
1 0.518809 0.375000 0.962382 0.070000
1 0.197492 0.433750 0.269592 0.032500
1 0.625392 0.445000 0.304075 0.025000
1 0.931034 0.452500 0.137931 0.030000
1 0.937304 0.431250 0.125392 0.032500
1 0.227273 0.461250 0.329154 0.032500
1 0.924765 0.477500 0.150470 0.030000
1 0.626959 0.502500 0.307210 0.025000
1 0.932602 0.502500 0.134796 0.025000
1 0.738245 0.528750 0.021944 0.012500
1 0.916928 0.528750 0.166144 0.027500
1 0.738245 0.546250 0.021944 0.012500
1 0.205329 0.655000 0.291536 0.035000
1 0.739812 0.630000 0.050157 0.020000
1 0.951411 0.688750 0.097179 0.032500
