0 0.500000 0.500000 0.960000 0.960000
1 0.839286 0.056250 0.129121 0.057500
1 0.509615 0.175000 0.700549 0.220000
1 0.333791 0.076250 0.151099 0.027500
1 0.592033 0.260000 0.189560 0.055000
1 0.212912 0.471250 0.277473 0.087500
1 0.631868 0.465000 0.565934 0.070000
1 0.232143 0.636250 0.288462 0.162500
1 0.789835 0.626250 0.156593 0.052500
1 0.615385 0.656250 0.120879 0.047500
1 0.787088 0.662500 0.184066 0.055000
1 0.259615 0.700000 0.260989 0.130000
1 0.273352 0.876250 0.162088 0.047500
1 0.273352 0.896250 0.118132 0.037500
