0 0.500000 0.500000 0.960000 0.960000
1 0.226667 0.228750 0.140000 0.017500
1 0.586667 0.248750 0.140000 0.047500
1 0.586667 0.223750 0.126667 0.042500
1 0.228333 0.250000 0.143333 0.025000
1 0.368333 0.248750 0.136667 0.027500
1 0.253333 0.296250 0.200000 0.027500
1 0.686667 0.380000 0.080000 0.195000
1 0.478333 0.366250 0.250000 0.052500
1 0.338333 0.415000 0.110000 0.040000
1 0.735000 0.458750 0.070000 0.162500
1 0.333333 0.442500 0.060000 0.020000
1 0.381667 0.562500 0.203333 0.040000
1 0.556667 0.585000 0.146667 0.030000
1 0.331667 0.612500 0.156667 0.025000
1 0.550000 0.627500 0.060000 0.035000
