0 0.500000 0.500000 0.960000 0.960000
1 0.745000 0.210037 0.180000 0.152416
1 0.458750 0.202602 0.122500 0.055762
1 0.462500 0.237918 0.140000 0.052045
1 0.213750 0.291822 0.157500 0.055762
1 0.760000 0.306691 0.225000 0.122677
1 0.211250 0.408922 0.172500 0.133829
1 0.803750 0.407063 0.107500 0.055762
1 0.802500 0.442379 0.175000 0.044610
1 0.242500 0.505576 0.235000 0.096654
1 0.802500 0.485130 0.245000 0.055762
1 0.797500 0.522305 0.190000 0.063197
1 0.216250 0.578067 0.182500 0.092937
1 0.797500 0.565056 0.195000 0.044610
1 0.767500 0.644981 0.110000 0.040892
1 0.796250 0.609665 0.107500 0.037175
1 0.221250 0.927509 0.177500 0.078067
1 0.221250 0.973978 0.147500 0.044610
1 0.498750 0.968401 0.232500 0.055762
