0 0.500000 0.500000 0.960000 0.960000
1 0.500000 0.491250 0.226667 0.057500
1 0.501667 0.587500 0.296667 0.055000
1 0.516667 0.628750 0.546667 0.087500
1 0.608333 0.676250 0.130000 0.037500
1 0.820000 0.673750 0.126667 0.042500
1 0.605000 0.701250 0.116667 0.037500
1 0.823333 0.693750 0.126667 0.037500
1 0.605000 0.722500 0.116667 0.035000
1 0.828333 0.712500 0.130000 0.040000
1 0.270000 0.768750 0.133333 0.077500
1 0.593333 0.746250 0.086667 0.037500
1 0.820000 0.732500 0.113333 0.035000
1 0.653333 0.765000 0.200000 0.040000
1 0.828333 0.752500 0.123333 0.040000
1 0.613333 0.801250 0.126667 0.032500
