0 0.500000 0.500000 0.960000 0.960000
1 0.229236 0.130000 0.205980 0.045000
1 0.215947 0.277500 0.219269 0.065000
1 0.041528 0.298750 0.083056 0.052500
1 0.687708 0.280000 0.066445 0.025000
1 0.039867 0.341250 0.079734 0.032500
1 0.720930 0.317500 0.132890 0.025000
1 0.742525 0.337500 0.102990 0.020000
1 0.744186 0.377500 0.159468 0.040000
1 0.727575 0.438750 0.086379 0.022500
1 0.068106 0.558750 0.122924 0.017500
1 0.312292 0.555000 0.079734 0.020000
1 0.177741 0.583750 0.156146 0.027500
1 0.740864 0.560000 0.179402 0.025000
1 0.086379 0.585000 0.046512 0.020000
1 0.730897 0.625000 0.159468 0.035000
1 0.948505 0.617500 0.049834 0.030000
1 0.699336 0.658750 0.083056 0.032500
1 0.770764 0.685000 0.239203 0.050000
1 0.803987 0.715000 0.312292 0.045000
1 0.696013 0.767500 0.102990 0.045000
1 0.682724 0.806250 0.063123 0.032500
1 0.724252 0.841250 0.152824 0.037500
1 0.906977 0.876250 0.079734 0.027500
1 0.086379 0.928750 0.086379 0.027500
