0 0.500000 0.500000 0.960000 0.960000
1 0.239943 0.079023 0.175287 0.106322
1 0.830460 0.255747 0.074713 0.063218
1 0.989943 0.235632 0.020115 0.086207
1 0.329023 0.341954 0.140805 0.057471
1 0.632184 0.326149 0.155172 0.083333
1 0.606322 0.406609 0.011494 0.025862
1 0.679598 0.409483 0.077586 0.031609
1 0.037356 0.497126 0.074713 0.022989
1 0.669540 0.474138 0.074713 0.063218
1 0.840517 0.479885 0.152299 0.074713
1 0.061782 0.568966 0.054598 0.045977
1 0.558908 0.571839 0.117816 0.097701
1 0.849138 0.599138 0.146552 0.106322
1 0.619253 0.701149 0.089080 0.114943
1 0.964080 0.837644 0.071839 0.054598
