0 0.500000 0.500000 0.960000 0.960000
1 0.203333 0.116250 0.333333 0.067500
1 0.211667 0.168750 0.423333 0.032500
1 0.263333 0.216250 0.266667 0.027500
1 0.281667 0.240000 0.283333 0.025000
1 0.721667 0.476250 0.076667 0.237500
1 0.663333 0.515000 0.046667 0.150000
1 0.780000 0.537500 0.053333 0.115000
1 0.833333 0.532500 0.046667 0.115000
1 0.198333 0.570000 0.276667 0.030000
1 0.938333 0.562500 0.043333 0.040000
1 0.231667 0.638750 0.063333 0.047500
1 0.301667 0.611250 0.170000 0.027500
1 0.100000 0.637500 0.100000 0.025000
1 0.348333 0.633750 0.130000 0.032500
1 0.226667 0.666250 0.046667 0.022500
1 0.358333 0.652500 0.110000 0.020000
1 0.226667 0.685000 0.053333 0.020000
1 0.350000 0.673750 0.060000 0.027500
1 0.226667 0.702500 0.060000 0.020000
1 0.226667 0.772500 0.066667 0.030000
1 0.226667 0.755000 0.053333 0.020000
1 0.231667 0.790000 0.056667 0.020000
1 0.353333 0.783750 0.060000 0.027500
1 0.110000 0.813750 0.066667 0.017500
