0 0.500000 0.500000 0.960000 0.960000
1 0.448750 0.048913 0.307500 0.097826
1 0.792500 0.047101 0.245000 0.094203
1 0.435000 0.293478 0.475000 0.384058
1 0.971250 0.422101 0.052500 0.112319
1 0.787500 0.579710 0.145000 0.050725
1 0.966250 0.568841 0.067500 0.072464
1 0.746250 0.625000 0.052500 0.039855
1 0.816250 0.670290 0.187500 0.050725
1 0.220000 0.735507 0.150000 0.079710
1 0.457500 0.728261 0.200000 0.043478
1 0.845000 0.715580 0.235000 0.047101
1 0.531250 0.762681 0.347500 0.047101
1 0.786250 0.762681 0.102500 0.054348
1 0.532500 0.797101 0.345000 0.043478
1 0.063750 0.875000 0.127500 0.054348
1 0.092500 0.907609 0.185000 0.039855
1 0.875000 0.884058 0.245000 0.043478
