0 0.500000 0.500000 0.960000 0.960000
1 0.242816 0.232759 0.077586 0.028736
1 0.238506 0.262931 0.074713 0.025862
1 0.522989 0.283046 0.074713 0.031609
1 0.663793 0.278736 0.040230 0.022989
1 0.515805 0.311782 0.077586 0.031609
1 0.206897 0.420977 0.103448 0.037356
1 0.932471 0.386494 0.060345 0.025862
1 0.528736 0.459770 0.080460 0.080460
1 0.899425 0.491379 0.109195 0.028736
1 0.326149 0.675287 0.020115 0.017241
1 0.346264 0.649425 0.020115 0.022989
1 0.511494 0.577586 0.091954 0.160920
1 0.114943 0.672414 0.229885 0.160920
1 0.465517 0.757184 0.080460 0.037356
1 0.706897 0.992816 0.051724 0.014368
