0 0.500000 0.500000 0.960000 0.960000
1 0.515625 0.082500 0.484375 0.165000
1 0.286458 0.355000 0.036458 0.035000
1 0.371094 0.512500 0.742188 0.285000
1 0.180990 0.405000 0.169271 0.070000
1 0.540365 0.616250 0.299479 0.167500
1 0.045573 0.691250 0.091146 0.067500
1 0.048177 0.738750 0.096354 0.067500
1 0.257812 0.752500 0.312500 0.070000
1 0.720052 0.730000 0.445312 0.065000
1 0.044271 0.793750 0.088542 0.052500
1 0.257812 0.802500 0.239583 0.055000
1 0.968750 0.805000 0.062500 0.040000
1 0.925781 0.837500 0.148438 0.055000
1 0.532552 0.960000 0.377604 0.070000
