0 0.500000 0.500000 0.960000 0.960000
1 0.107500 0.058271 0.215000 0.116541
1 0.437500 0.069549 0.320000 0.139098
1 0.111250 0.150376 0.222500 0.195489
1 0.096250 0.281955 0.192500 0.112782
1 0.050000 0.372180 0.100000 0.090226
1 0.536250 0.357143 0.362500 0.278195
1 0.081250 0.441729 0.162500 0.086466
1 0.106250 0.548872 0.212500 0.090226
1 0.607500 0.530075 0.180000 0.097744
1 0.050000 0.622180 0.100000 0.086466
1 0.602500 0.646617 0.175000 0.090226
1 0.362500 0.676692 0.225000 0.067669
1 0.403750 0.800752 0.347500 0.082707
1 0.725000 0.834586 0.270000 0.105263
1 0.746250 0.894737 0.072500 0.060150
