0 0.500000 0.500000 0.960000 0.960000
1 0.420977 0.191092 0.094828 0.043103
1 0.412356 0.228448 0.094828 0.043103
1 0.745690 0.235632 0.066092 0.034483
1 0.728448 0.298851 0.066092 0.028736
1 0.363506 0.363506 0.043103 0.025862
1 0.012931 0.432471 0.025862 0.031609
1 0.102011 0.423851 0.117816 0.048851
1 0.327586 0.419540 0.068966 0.028736
1 0.454023 0.504310 0.028736 0.083333
1 0.545977 0.487069 0.022989 0.014368
1 0.883621 0.650862 0.071839 0.048851
1 0.544540 0.810345 0.089080 0.017241
1 0.952586 0.988506 0.020115 0.022989
