0 0.500000 0.500000 0.960000 0.960000
1 0.198333 0.136250 0.143333 0.037500
1 0.375000 0.142500 0.063333 0.030000
1 0.516667 0.146250 0.073333 0.022500
1 0.400000 0.287500 0.580000 0.125000
1 0.248333 0.405000 0.223333 0.065000
1 0.583333 0.405000 0.446667 0.035000
1 0.525000 0.485000 0.770000 0.095000
1 0.271667 0.605000 0.303333 0.065000
1 0.551667 0.600000 0.183333 0.045000
1 0.805000 0.612500 0.263333 0.075000
1 0.520000 0.625000 0.126667 0.045000
1 0.768333 0.635000 0.183333 0.060000
1 0.811667 0.782500 0.183333 0.045000
1 0.810000 0.828750 0.180000 0.067500
