0 0.500000 0.500000 0.960000 0.960000
1 0.856322 0.094828 0.270115 0.189655
1 0.527299 0.183908 0.100575 0.034483
1 0.096264 0.215517 0.100575 0.051724
1 0.521552 0.247126 0.089080 0.034483
1 0.521552 0.215517 0.089080 0.034483
1 0.872126 0.224138 0.106322 0.040230
1 0.100575 0.258621 0.097701 0.051724
1 0.860632 0.258621 0.100575 0.040230
1 0.985632 0.346264 0.028736 0.025862
1 0.455460 0.379310 0.060345 0.080460
1 0.764368 0.431034 0.057471 0.080460
1 0.985632 0.446839 0.028736 0.025862
1 0.514368 0.451149 0.172414 0.068966
1 0.985632 0.514368 0.028736 0.045977
