0 0.500000 0.500000 0.960000 0.960000
1 0.284553 0.053750 0.284553 0.027500
1 0.083333 0.146250 0.069106 0.022500
1 0.209350 0.145000 0.126016 0.035000
1 0.363821 0.145000 0.134146 0.035000
1 0.601626 0.151250 0.276423 0.027500
1 0.817073 0.150000 0.097561 0.030000
1 0.951220 0.150000 0.097561 0.025000
1 0.221545 0.223750 0.443089 0.032500
1 0.030488 0.286250 0.060976 0.037500
1 0.705285 0.391250 0.036585 0.027500
1 0.103659 0.480000 0.093496 0.050000
1 0.465447 0.472500 0.426829 0.020000
1 0.873984 0.526250 0.243902 0.027500
1 0.876016 0.550000 0.247967 0.025000
1 0.676829 0.620000 0.337398 0.035000
1 0.060976 0.682500 0.121951 0.035000
1 0.211382 0.681250 0.138211 0.037500
1 0.453252 0.745000 0.231707 0.040000
1 0.209350 0.980000 0.069106 0.030000
1 0.422764 0.976250 0.056911 0.027500
