0 0.500000 0.500000 0.960000 0.960000
1 0.530000 0.516250 0.080000 0.247500
1 0.845000 0.405000 0.056667 0.050000
1 0.895000 0.408750 0.050000 0.037500
1 0.946667 0.403750 0.040000 0.027500
1 0.991667 0.402500 0.016667 0.025000
1 0.903333 0.565000 0.073333 0.200000
1 0.310000 0.556250 0.066667 0.082500
1 0.811667 0.588750 0.076667 0.152500
1 0.955000 0.577500 0.070000 0.165000
1 0.198333 0.555000 0.076667 0.070000
1 0.981667 0.582500 0.036667 0.150000
1 0.713333 0.600000 0.053333 0.100000
1 0.853333 0.607500 0.066667 0.105000
1 0.548333 0.705000 0.076667 0.065000
1 0.693333 0.700000 0.066667 0.060000
1 0.738333 0.701250 0.050000 0.062500
1 0.823333 0.715000 0.046667 0.055000
