0 0.500000 0.500000 0.960000 0.960000
1 0.050287 0.127874 0.100575 0.066092
1 0.096264 0.061782 0.043103 0.123563
1 0.205460 0.043103 0.238506 0.086207
1 0.481322 0.076149 0.054598 0.071839
1 0.113506 0.199713 0.020115 0.043103
1 0.589080 0.034483 0.103448 0.068966
1 0.010057 0.412356 0.020115 0.020115
1 0.160920 0.425287 0.034483 0.034483
1 0.413793 0.428161 0.166667 0.143678
1 0.431034 0.548851 0.126437 0.074713
1 0.576149 0.468391 0.025862 0.022989
1 0.739943 0.448276 0.186782 0.143678
1 0.094828 0.535920 0.189655 0.181034
1 0.446839 0.747126 0.221264 0.206897
