0 0.500000 0.500000 0.960000 0.960000
1 0.771552 0.130747 0.048851 0.054598
1 0.860632 0.130747 0.071839 0.037356
1 0.969828 0.155172 0.060345 0.034483
1 0.377874 0.267241 0.071839 0.017241
1 0.807471 0.300287 0.086207 0.020115
1 0.281609 0.367816 0.143678 0.057471
1 0.646552 0.459770 0.091954 0.103448
1 0.201149 0.545977 0.281609 0.051724
1 0.514368 0.538793 0.241379 0.048851
1 0.301724 0.630747 0.068966 0.014368
1 0.754310 0.590517 0.186782 0.066092
1 0.972701 0.686782 0.054598 0.040230
1 0.344828 0.840517 0.132184 0.031609
1 0.400862 0.833333 0.043103 0.080460
1 0.061782 0.909483 0.112069 0.025862
