0 0.500000 0.500000 0.960000 0.960000
1 0.290230 0.018678 0.045977 0.037356
1 0.695402 0.077586 0.247126 0.155172
1 0.935345 0.083333 0.129310 0.091954
1 0.718391 0.294540 0.091954 0.071839
1 0.830460 0.294540 0.080460 0.071839
1 0.308908 0.607759 0.255747 0.083333
1 0.712644 0.639368 0.137931 0.100575
1 0.829023 0.612069 0.083333 0.080460
1 0.923851 0.612069 0.054598 0.080460
1 0.811782 0.642241 0.025862 0.008621
1 0.965517 0.658046 0.068966 0.022989
1 0.672414 0.785920 0.109195 0.066092
1 0.623563 0.844828 0.132184 0.063218
