0 0.500000 0.500000 0.960000 0.960000
1 0.045977 0.080460 0.091954 0.160920
1 0.563218 0.169540 0.068966 0.080460
1 0.679598 0.169540 0.129310 0.080460
1 0.892241 0.149425 0.054598 0.080460
1 0.965517 0.149425 0.068966 0.080460
1 0.116379 0.261494 0.002874 0.011494
1 0.862069 0.327586 0.275862 0.149425
1 0.051724 0.406609 0.103448 0.204023
1 0.349138 0.396552 0.204023 0.126437
1 0.652299 0.364943 0.143678 0.109195
1 0.352011 0.649425 0.261494 0.241379
1 0.622126 0.652299 0.175287 0.333333
1 0.660920 0.668103 0.189655 0.284483
1 0.808908 0.410920 0.364943 0.609195
1 0.485632 0.949713 0.137931 0.083333
