0 0.500000 0.500000 0.960000 0.960000
1 0.495098 0.117500 0.872549 0.095000
1 0.475490 0.310000 0.323529 0.025000
1 0.205882 0.371250 0.098039 0.027500
1 0.344771 0.378750 0.088235 0.037500
1 0.477124 0.378750 0.071895 0.037500
1 0.612745 0.375000 0.107843 0.050000
1 0.754902 0.377500 0.111111 0.050000
1 0.212418 0.423750 0.098039 0.037500
1 0.344771 0.423750 0.094771 0.027500
1 0.483660 0.423750 0.098039 0.027500
1 0.617647 0.423750 0.104575 0.037500
1 0.756536 0.427500 0.107843 0.035000
1 0.472222 0.510000 0.297386 0.030000
1 0.214052 0.578750 0.218954 0.067500
1 0.473856 0.541250 0.313725 0.027500
1 0.250000 0.643750 0.316993 0.087500
