0 0.500000 0.500000 0.960000 0.960000
1 0.468227 0.042500 0.374582 0.085000
1 0.508361 0.101250 0.327759 0.122500
1 0.737458 0.086250 0.150502 0.072500
1 0.739130 0.120000 0.140468 0.045000
1 0.478261 0.218750 0.494983 0.082500
1 0.473244 0.276250 0.484950 0.072500
1 0.476589 0.338750 0.438127 0.042500
1 0.484950 0.400000 0.374582 0.080000
1 0.476589 0.460000 0.217391 0.075000
1 0.849498 0.465000 0.093645 0.050000
1 0.832776 0.600000 0.127090 0.030000
1 0.849498 0.651250 0.133779 0.037500
1 0.844482 0.705000 0.110368 0.030000
