0 0.500000 0.500000 0.960000 0.960000
1 0.463746 0.178750 0.601208 0.162500
1 0.578550 0.242500 0.287009 0.055000
1 0.129909 0.328750 0.199396 0.077500
1 0.832326 0.302500 0.196375 0.050000
1 0.484894 0.437500 0.776435 0.260000
1 0.835347 0.335000 0.117825 0.030000
1 0.833837 0.351250 0.114804 0.042500
1 0.496979 0.523750 0.353474 0.087500
1 0.078550 0.751250 0.157100 0.127500
1 0.049849 0.955000 0.099698 0.040000
1 0.776435 0.977500 0.145015 0.045000
1 0.892749 0.963750 0.051360 0.032500
1 0.892749 0.985000 0.051360 0.020000
