0 0.500000 0.500000 0.960000 0.960000
1 0.196250 0.032967 0.267500 0.065934
1 0.596250 0.037088 0.417500 0.074176
1 0.187500 0.115385 0.290000 0.109890
1 0.937500 0.116758 0.125000 0.041209
1 0.158750 0.229396 0.282500 0.057692
1 0.095000 0.317308 0.150000 0.063187
1 0.696250 0.336538 0.602500 0.321429
1 0.141250 0.377747 0.252500 0.068681
1 0.181250 0.484890 0.317500 0.074176
1 0.852500 0.491758 0.295000 0.120879
1 0.096250 0.553571 0.142500 0.063187
1 0.383750 0.894231 0.487500 0.041209
1 0.207500 0.971154 0.350000 0.035714
