0 0.500000 0.500000 0.960000 0.960000
1 0.084112 0.057500 0.065421 0.020000
1 0.640187 0.051250 0.158879 0.027500
1 0.142523 0.493750 0.070093 0.032500
1 0.401869 0.488750 0.214953 0.047500
1 0.644860 0.488750 0.056075 0.032500
1 0.810748 0.485000 0.126168 0.040000
1 0.044393 0.552500 0.070093 0.065000
1 0.105140 0.565000 0.060748 0.090000
1 0.170561 0.588750 0.079439 0.137500
1 0.235981 0.601250 0.079439 0.162500
1 0.296729 0.591250 0.079439 0.147500
1 0.355140 0.565000 0.065421 0.090000
1 0.418224 0.575000 0.060748 0.110000
1 0.537383 0.572500 0.065421 0.105000
1 0.595794 0.592500 0.088785 0.155000
1 0.658879 0.566250 0.074766 0.102500
1 0.721963 0.592500 0.079439 0.155000
1 0.780374 0.603750 0.093458 0.182500
1 0.848131 0.578750 0.088785 0.127500
1 0.911215 0.578750 0.065421 0.122500
1 0.518692 0.766250 0.130841 0.027500
