0 0.500000 0.500000 0.960000 0.960000
1 0.149425 0.182471 0.045977 0.106322
1 0.215517 0.172414 0.057471 0.063218
1 0.867816 0.280172 0.258621 0.123563
1 0.475575 0.366379 0.238506 0.089080
1 0.972701 0.339080 0.054598 0.091954
1 0.853448 0.416667 0.293103 0.068966
1 0.964080 0.419540 0.066092 0.097701
1 0.244253 0.455460 0.040230 0.025862
1 0.958333 0.492816 0.077586 0.129310
1 0.400862 0.711207 0.146552 0.077586
1 0.922414 0.670977 0.103448 0.112069
1 0.824713 0.795977 0.195402 0.063218
1 0.596264 0.808908 0.146552 0.083333
1 0.410920 0.969828 0.080460 0.060345
1 0.617816 0.933908 0.109195 0.040230
