0 0.500000 0.500000 0.960000 0.960000
1 0.464080 0.012931 0.784483 0.025862
1 0.110632 0.123563 0.083333 0.040230
1 0.498563 0.109195 0.048851 0.040230
1 0.744253 0.093391 0.022989 0.014368
1 0.850575 0.096264 0.097701 0.043103
1 0.692529 0.452586 0.172414 0.060345
1 0.202586 0.514368 0.048851 0.017241
1 0.331897 0.518678 0.192529 0.060345
1 0.742816 0.650862 0.008621 0.020115
1 0.808908 0.655172 0.043103 0.011494
1 0.399425 0.908046 0.103448 0.017241
1 0.732759 0.879310 0.091954 0.040230
1 0.919540 0.939655 0.057471 0.011494
