0 0.500000 0.500000 0.960000 0.960000
1 0.514368 0.051724 0.086207 0.074713
1 0.856322 0.057471 0.287356 0.114943
1 0.964080 0.063218 0.066092 0.126437
1 0.420977 0.225575 0.106322 0.020115
1 0.696839 0.316092 0.227011 0.063218
1 0.129310 0.422414 0.137931 0.080460
1 0.176724 0.469828 0.221264 0.066092
1 0.215517 0.560345 0.264368 0.103448
1 0.593391 0.630747 0.112069 0.094828
1 0.727011 0.630747 0.114943 0.094828
1 0.428161 0.738506 0.120690 0.057471
1 0.633621 0.810345 0.204023 0.086207
1 0.511494 0.961207 0.080460 0.077586
1 0.867816 0.909483 0.172414 0.031609
