0 0.500000 0.500000 0.960000 0.960000
1 0.441092 0.188218 0.186782 0.083333
1 0.663793 0.331897 0.022989 0.014368
1 0.754310 0.340517 0.031609 0.031609
1 0.396552 0.316092 0.126437 0.091954
1 0.643678 0.386494 0.057471 0.048851
1 0.140805 0.520115 0.281609 0.229885
1 0.396552 0.577586 0.114943 0.063218
1 0.461207 0.576149 0.020115 0.060345
1 0.639368 0.593391 0.135057 0.106322
1 0.770115 0.604885 0.068966 0.123563
1 0.025862 0.787356 0.051724 0.097701
1 0.297414 0.880747 0.123563 0.238506
1 0.497126 0.876437 0.132184 0.247126
1 0.692529 0.869253 0.051724 0.025862
