0 0.500000 0.500000 0.960000 0.960000
1 0.022989 0.047414 0.045977 0.043103
1 0.067529 0.043103 0.014368 0.080460
1 0.113506 0.043103 0.043103 0.080460
1 0.208333 0.038793 0.112069 0.048851
1 0.556034 0.107759 0.077586 0.083333
1 0.675287 0.099138 0.057471 0.025862
1 0.758621 0.048851 0.068966 0.097701
1 0.844828 0.076149 0.086207 0.031609
1 0.823276 0.179598 0.106322 0.146552
1 0.454023 0.132184 0.252874 0.264368
1 0.195402 0.428161 0.074713 0.149425
1 0.679598 0.627874 0.083333 0.135057
1 0.446839 0.683908 0.043103 0.063218
